127 192 1.335e+01
63 320 1.335e+01
191 320 1.335e+01
127 320 1.335e+01
63 192 1.335e+01
63 128 1.335e+01
319 320 1.335e+01
191 64 1.335e+01
255 320 1.335e+01
127 64 1.335e+01
319 64 1.335e+01
255 64 1.335e+01
127 256 1.335e+01
63 64 1.335e+01
319 128 1.335e+01
255 128 1.335e+01
191 192 1.335e+01
319 256 1.335e+01
255 192 1.335e+01
63 256 1.335e+01
319 192 1.335e+01
191 256 1.335e+01
191 128 1.335e+01
255 256 1.335e+01
127 128 1.335e+01
127 127 1.335e+01
256 256 1.335e+01
191 255 1.335e+01
63 63 1.335e+01
63 191 1.335e+01
256 320 1.335e+01
192 64 1.335e+01
256 192 1.335e+01
63 255 1.335e+01
192 128 1.335e+01
63 319 1.335e+01
256 128 1.335e+01
255 191 1.335e+01
191 191 1.335e+01
255 255 1.335e+01
191 127 1.335e+01
64 320 1.335e+01
255 319 1.335e+01
127 63 1.335e+01
64 256 1.335e+01
64 192 1.335e+01
256 64 1.335e+01
255 63 1.335e+01
127 191 1.335e+01
191 319 1.335e+01
64 64 1.335e+01
191 63 1.335e+01
64 128 1.335e+01
63 127 1.335e+01
255 127 1.335e+01
128 64 1.335e+01
128 320 1.335e+01
192 256 1.335e+01
320 128 1.335e+01
320 320 1.335e+01
127 319 1.335e+01
320 64 1.335e+01
320 192 1.335e+01
128 256 1.335e+01
319 63 1.335e+01
128 128 1.335e+01
192 192 1.335e+01
319 319 1.335e+01
319 255 1.335e+01
320 256 1.335e+01
192 320 1.335e+01
319 191 1.335e+01
128 192 1.335e+01
319 127 1.335e+01
127 255 1.335e+01
64 191 1.335e+01
256 63 1.335e+01
128 191 1.335e+01
64 255 1.335e+01
128 319 1.335e+01
64 127 1.335e+01
128 255 1.335e+01
192 319 1.335e+01
64 319 1.335e+01
128 63 1.335e+01
64 63 1.335e+01
256 127 1.335e+01
128 127 1.335e+01
320 63 1.335e+01
192 255 1.335e+01
192 63 1.335e+01
192 191 1.335e+01
192 127 1.335e+01
320 191 1.335e+01
320 319 1.335e+01
256 191 1.335e+01
320 127 1.335e+01
256 319 1.335e+01
320 255 1.335e+01
256 255 1.335e+01
